712
715
723
732
730
731
728
746
752
753
756
755
759
758
1016
669
1037
664
1043
657
1041
639
638
591
590
588
585
586
582
496
468
558
122
120
119
118
117
115
114
110
102
101
99
88
87
86
84
1
2
3
4
7
6
5
6
8
9
18
10
18
19
9
74
73
70
71
72
79
80
82
81
83
87
86
85
84
83
81
82
80
88
89
1026
1025
89
1024
90
96
98
103
104
97
95
94
95
94
93
92
90
91
98
103
101
100
102
109
108
109
108
107
106
105
107
108
116
108
109
110
112
111
112
142
112
113
135
134
131
132
137
136
137
139
138
140
141
143
23
24
30
29
26
27
28
32
34
37
43
42
45
44
43
36
35
36
35
148
147
146
145
144
133
154
125
129
130
129
130
131
134
118
467
125
128
126
127
124
127
459
457
456
174
173
174
159
158
161
157
156
152
153
155
145
155
153
152
156
149
150
52
51
50
48
46
47
49
54
49
48
53
48
46
41
38
40
39
33
32
28
31
30
29
26
25
15
14
16
22
17
20
75
21
76
77
78
77
76
21
75
72
79
80
78
100
102
111
1053
141
143
22
17
12
11
13
12
19
9
69
70
73
72
77
78
100
102
110
114
115
117
118
119
121
123
466
468
566
559
560
561
562
563
572
571
575
576
577
576
577
619
620
623
624
622
632
633
634
637
636
659
658
659
661
660
1020
631
625
626
627
628
617
790
789
791
792
791
792
804
802
803
802
801
793
614
615
616
610
611
1034
605
601
605
606
1035
607
1035
607
609
598
599
608
599
600
602
603
604
612
613
794
793
794
795
799
800
799
798
797
796
797
814
1003
815
837
836
811
810
809
810
811
838
839
808
805
806
842
843
844
785
1017
786
1017
774
775
776
1017
776
775
774
629
772
773
771
779
778
777
845
846
843
915
914
918
916
917
841
917
840
926
927
928
934
935
934
998
997
994
995
996
995
996
963
962
1009
960
961
1008
937
936
997
994
990
989
988
987
985
986
1049
976
977
975
978
980
979
980
981
1051
983
1050
1052
992
932
931
930
933
999
993
992
991
987
985
984
981
982
981
982
983
1051
1050
1052
992
932
832
1001
831
1000
830
829
1002
829
828
821
819
820
1005
828
830
827
822
823
824
825
826
834
833
834
826
825
835
929
835
825
824
816
817
818
817
1003
815
813
812
811
810
809
803
802
804
788
787
807
787
786
1017
774
629
630
627
628
617
618
1019
618
619
609
598
575
574
573
574
575
576
570
569
1015
578
1015
578
577
576
570
569
565
567
568
496
580
621
635
590
635
634
633
632
622
621
587
588
585
584
583
582
498
499
501
500
502
505
503
596
1036
508
507
509
507
509
644
510
1018
512
516
515
513
491
492
437
492
437
438
489
1040
487
488
439
387
1032
386
385
380
379
381
371
370
199
198
195
203
194
193
196
197
187
184
183
185
186
192
204
202
201
210
205
208
206
208
68
67
66
64
65
63
191
63
62
61
59
61
60
55
57
58
165
166
165
166
56
151
160
151
163
162
170
171
169
168
178
179
447
450
177
176
175
453
454
455
458
460
461
471
472
497
470
469
496
579
581
579
581
580
496
567
565
564
565
567
496
497
472
473
474
475
476
478
1027
479
464
465
449
446
1022
382
1021
190
189
180
188
168
181
182
181
167
164
170
171
172
176
177
450
451
450
451
448
463
452
477
452
462
473
474
478
1027
504
1027
479
480
481
1038
483
1039
483
1039
484
486
484
485
1028
485
1028
484
486
441
440
442
443
444
445
1029
383
384
379
380
372
373
374
1023
363
362
1014
359
358
255
256
258
257
252
251
249
248
247
245
264
265
323
268
324
325
326
329
328
327
320
319
318
305
304
305
303
306
302
298
297
301
297
295
296
292
291
290
287
286
287
288
283
284
285
284
283
281
282
280
281
294
278
277
276
274
275
308
314
308
309
273
271
270
269
310
311
312
313
316
317
316
313
315
307
300
299
300
299
277
278
293
289
293
278
279
276
274
273
271
272
242
241
240
239
238
237
235
253
254
253
234
235
236
233
229
228
226
227
222
224
219
221
217
216
213
214
207
209
215
216
213
218
220
223
225
231
230
231
360
361
1014
361
360
359
358
363
362
364
365
367
211
366
211
212
200
212
368
369
372
373
374
375
1033
377
378
356
357
356
376
356
378
391
390
392
393
395
355
395
353
354
259
260
261
262
263
335
336
351
352
400
399
398
428
396
397
396
428
398
404
405
404
405
406
425
426
524
525
526
525
524
424
423
406
423
424
422
407
408
409
412
413
411
346
415
414
415
540
542
545
546
543
546
547
544
541
540
419
421
420
418
417
416
413
412
410
345
343
344
340
348
349
339
338
337
350
337
350
400
399
398
402
401
403
401
347
410
345
342
341
330
341
331
329
332
333
334
326
322
321
322
312
311
310
269
267
266
244
266
244
245
246
245
244
266
267
243
241
240
238
237
250
237
235
234
232
255
358
357
356
378
377
1033
389
431
388
436
434
432
430
394
396
429
427
429
433
495
522
523
527
528
530
531
529
536
537
696
537
696
695
693
532
533
687
685
686
535
520
519
518
1012
517
678
517
1013
517
678
516
677
674
673
648
647
646
653
652
651
650
649
675
676
680
681
679
684
689
688
690
691
690
750
751
749
692
694
700
701
727
728
748
747
746
752
751
749
747
748
728
745
744
784
858
857
855
861
862
860
863
864
905
863
907
906
908
909
911
902
903
904
903
902
901
899
900
947
946
944
945
944
946
947
949
1048
943
942
941
950
949
952
951
954
955
954
958
959
956
957
967
965
966
964
966
965
967
968
967
968
969
1010
969
971
972
973
974
973
972
971
970
987
988
989
964
959
1009
962
1008
961
938
939
940
1006
923
921
922
920
919
913
923
924
1007
937
1007
924
925
924
923
921
919
920
912
910
850
851
1030
847
1004
847
780
849
848
849
852
782
781
780
770
764
763
760
761
762
761
662
663
664
668
665
666
1042
667
671
670
682
672
682
757
683
755
754
755
766
765
767
783
782
783
767
768
856
853
854
855
861
860
859
865
743
740
1047
739
742
741
742
866
878
879
881
890
889
897
898
897
948
896
948
953
948
896
893
894
895
894
892
891
888
887
886
885
884
883
882
883
884
875
871
872
873
874
873
870
869
876
877
867
868
737
735
717
713
1046
714
1046
711
710
719
710
711
1046
713
718
720
721
722
721
720
736
738
737
735
734
716
734
716
723
733
723
724
1045
707
705
704
703
704
703
702
699
1031
551
557
556
708
709
707
705
706
725
1044
726
1044
725
724
732
729
730
731
728
745
769
745
728
727
701
699
698
697
539
538
539
697
698
1011
551
549
550
548
550
552
554
555
553
552
550
549
543
697
695
693
532
533
534
535
520
521
520
519
518
514
494
493
435
493
492
491
513
515
516
512
511
490
511
510
644
643
597
595
642
641
642
654
655
656
640
592
589
593
589
594
506
596
482
507
508
643
646
645
650
671
670
682
758
763
764
782
852
850
910
909
908
906
903
904
880
878
866
742
739
734
716
712